1 addChar
2 addChar
3 addChar
4 addChar
5 addChar
6 addChar
7 addChar
8 addChar
9 addChar
10 addChar
2 10
11 addChar
12 addChar
3 12
4 12
5 12
6 12
7 12
8 12
9 12
10 12
11 12
12 12
13 12
14 12
15 12
16 12
17 12
18 12
19 12
20 12
21 12
13 addChar
14 addChar
15 addChar
22 15
23 15
24 15
25 15
26 15
27 15
28 15
29 15
30 15
31 15
32 15
33 15
34 15
35 15
36 15
37 15
38 15
39 15
40 15
41 15
42 15
43 15
44 15
45 15
46 15
47 15
48 15
49 15
50 15
51 15
52 15
53 15
54 15
55 15
56 15
57 15
58 15
59 15
60 15
61 15
62 15
63 15
64 15
65 15
66 15
67 15
68 15
69 15
70 15
71 15
72 15
73 15
74 15
75 15
76 15
77 15
78 15
79 15
80 15
81 15
82 15
83 15
84 15
85 15
86 15
87 15
88 15
89 15
90 15
91 15
92 15
93 15
94 15
95 15
96 15
97 15
98 15
99 15
100 15
101 15
102 15
103 15
104 15
105 15
106 15
107 15
108 15
109 15
110 15
111 15
112 15
113 15
114 15
115 15
116 15
117 15
118 15
119 15
120 15
121 15
122 15
123 15
124 15
16 addChar
125 16
126 16
127 16
17 addChar
18 addChar
128 18
129 18
19 addChar
130 19
20 addChar
21 addChar
22 addChar
131 22
132 22
23 addChar
24 addChar
25 addChar
26 addChar
133 26
27 addChar
28 addChar
134 28
29 addChar
135 29
136 29
137 29
30 addChar
138 30
139 30
140 30
31 addChar
32 addChar
141 32
33 addChar
142 33
143 33
144 33
145 33
146 33
147 33
148 33
149 33
150 33
151 33
152 33
153 33
154 33
155 33
156 33
157 33
158 33
159 33
160 33
161 33
162 33
163 33
164 33
165 33
166 33
167 33
168 33
169 33
170 33
171 33
172 33
173 33
174 33
175 33
176 33
177 33
178 33
179 33
180 33
181 33
182 33
183 33
184 33
185 33
186 33
187 33
188 33
189 33
190 33
191 33
192 33
193 33
194 33
195 33
196 33
197 33
198 33
199 33
200 33
201 33
202 33
203 33
204 33
205 33
206 33
207 33
208 33
209 33
210 33
211 33
212 33
213 33
214 33
215 33
216 33
217 33
218 33
219 33
220 33
221 33
222 33
223 33
224 33
225 33
226 33
227 33
228 33
229 33
34 addChar
230 34
231 34
35 addChar
232 35
233 35
234 35
235 35
236 35
237 35
238 35
239 35
240 35
241 35
242 35
243 35
244 35
245 35
246 35
247 35
248 35
249 35
250 35
251 35
252 35
253 35
254 35
255 35
256 35
257 35
258 35
259 35
260 35
261 35
262 35
263 35
264 35
265 35
266 35
267 35
268 35
269 35
270 35
271 35
272 35
273 35
274 35
275 35
276 35
277 35
278 35
279 35
280 35
281 35
282 35
283 35
284 35
285 35
286 35
287 35
288 35
289 35
290 35
291 35
292 35
293 35
294 35
36 addChar
295 36
37 addChar
38 addChar
296 38
297 38
298 38
299 38
300 38
301 38
302 38
303 38
304 38
305 38
306 38
307 38
308 38
309 38
310 38
311 38
312 38
313 38
314 38
315 38
316 38
317 38
318 38
319 38
320 38
321 38
322 38
323 38
324 38
325 38
326 38
327 38
328 38
329 38
330 38
331 38
332 38
333 38
334 38
335 38
336 38
337 38
338 38
339 38
340 38
341 38
342 38
343 38
344 38
345 38
346 38
347 38
348 38
349 38
350 38
39 addChar
40 addChar
351 40
41 addChar
352 41
353 41
354 41
42 addChar
355 42
356 42
357 42
358 42
43 addChar
359 43
44 addChar
360 44
45 addChar
361 45
46 addChar
362 46
363 46
364 46
365 46
366 46
367 46
47 addChar
368 47
369 47
370 47
371 47
372 47
48 addChar
373 48
374 48
49 addChar
375 49
50 addChar
376 50
377 50
378 50
379 50
380 50
381 50
382 50
383 50
384 50
385 50
386 50
387 50
388 50
389 50
390 50
391 50
392 50
393 50
394 50
395 50
396 50
397 50
398 50
399 50
400 50
401 50
402 50
51 addChar
403 51
404 51
405 51
406 51
407 51
408 51
409 51
410 51
411 51
412 51
413 51
414 51
415 51
416 51
417 51
418 51
419 51
420 51
421 51
422 51
423 51
424 51
425 51
426 51
427 51
428 51
429 51
430 51
431 51
432 51
433 51
434 51
435 51
436 51
437 51
438 51
439 51
440 51
441 51
442 51
443 51
444 51
445 51
446 51
447 51
448 51
449 51
450 51
451 51
452 51
453 51
454 51
455 51
456 51
457 51
52 addChar
458 52
459 52
460 52
461 52
462 52
463 52
464 52
465 52
466 52
467 52
468 52
469 52
470 52
471 52
472 52
473 52
474 52
475 52
476 52
477 52
478 52
479 52
480 52
481 52
482 52
483 52
484 52
485 52
486 52
487 52
488 52
489 52
490 52
53 addChar
54 addChar
491 54
55 addChar
492 55
56 addChar
493 56
494 56
495 56
496 56
497 56
498 56
499 56
500 56
501 56
502 56
503 56
504 56
505 56
506 56
507 56
508 56
509 56
510 56
511 56
512 56
513 56
514 56
515 56
516 56
517 56
518 56
519 56
520 56
521 56
522 56
523 56
524 56
525 56
526 56
527 56
528 56
529 56
530 56
531 56
532 56
533 56
534 56
535 56
536 56
537 56
538 56
539 56
540 56
541 56
542 56
543 56
544 56
545 56
546 56
547 56
548 56
549 56
550 56
551 56
552 56
553 56
554 56
555 56
57 addChar
58 addChar
59 addChar
556 59
557 59
558 59
559 59
560 59
561 59
60 addChar
562 60
61 addChar
563 61
62 addChar
564 62
565 62
566 62
567 62
568 62
569 62
570 62
571 62
572 62
573 62
574 62
575 62
576 62
577 62
578 62
579 62
580 62
581 62
582 62
583 62
584 62
585 62
586 62
587 62
588 62
589 62
590 62
591 62
592 62
593 62
594 62
63 addChar
64 addChar
595 64
596 64
597 64
65 addChar
598 65
599 65
66 addChar
67 addChar
600 67
601 67
602 67
603 67
68 addChar
69 addChar
604 69
605 69
606 69
70 addChar
71 addChar
72 addChar
607 72
73 addChar
608 73
74 addChar
75 addChar
609 75
610 75
611 75
76 addChar
77 addChar
612 77
78 addChar
613 78
614 78
615 78
79 addChar
616 79
617 79
80 addChar
618 80
619 80
620 80
621 80
622 80
623 80
624 80
625 80
626 80
627 80
628 80
629 80
81 addChar
630 81
631 81
632 81
633 81
634 81
635 81
636 81
637 81
638 81
639 81
640 81
641 81
642 81
643 81
644 81
645 81
646 81
647 81
648 81
649 81
650 81
651 81
652 81
82 addChar
653 82
83 addChar
654 83
84 addChar
85 addChar
655 85
656 85
657 85
658 85
659 85
660 85
661 85
662 85
663 85
664 85
665 85
666 85
667 85
668 85
669 85
670 85
671 85
672 85
673 85
674 85
675 85
676 85
677 85
678 85
679 85
680 85
681 85
682 85
683 85
684 85
685 85
686 85
687 85
688 85
689 85
690 85
691 85
86 addChar
692 86
693 86
87 addChar
694 87
695 87
696 87
697 87
88 addChar
698 88
699 88
700 88
701 88
702 88
703 88
704 88
705 88
89 addChar
706 89
707 89
708 89
709 89
710 89
711 89
90 addChar
712 90
91 addChar
713 91
714 91
715 91
716 91
92 addChar
717 92
718 92
93 addChar
719 93
94 addChar
95 addChar
96 addChar
720 96
97 addChar
98 addChar
99 addChar
721 99
722 99
723 99
724 99
725 99
100 addChar
101 addChar
726 101
727 101
728 101
729 101
730 101
731 101
732 101
733 101
734 101
735 101
736 101
737 101
738 101
739 101
740 101
741 101
742 101
743 101
744 101
745 101
746 101
747 101
748 101
749 101
750 101
751 101
752 101
753 101
754 101
755 101
756 101
757 101
758 101
759 101
102 addChar
103 addChar
760 103
761 103
762 103
763 103
764 103
765 103
766 103
767 103
768 103
769 103
770 103
771 103
772 103
773 103
774 103
775 103
776 103
777 103
778 103
779 103
780 103
781 103
782 103
783 103
784 103
785 103
786 103
787 103
788 103
789 103
790 103
791 103
792 103
793 103
794 103
795 103
796 103
797 103
798 103
799 103
800 103
801 103
802 103
803 103
804 103
805 103
806 103
807 103
808 103
809 103
810 103
811 103
812 103
813 103
814 103
815 103
816 103
817 103
818 103
819 103
820 103
821 103
822 103
823 103
824 103
825 103
826 103
827 103
828 103
829 103
830 103
831 103
832 103
833 103
834 103
835 103
836 103
837 103
838 103
839 103
840 103
104 addChar
841 104
842 104
843 104
844 104
845 104
846 104
847 104
105 addChar
848 105
849 105
850 105
851 105
852 105
853 105
854 105
855 105
856 105
857 105
858 105
859 105
860 105
861 105
862 105
863 105
864 105
865 105
866 105
867 105
868 105
869 105
870 105
871 105
872 105
873 105
874 105
875 105
876 105
877 105
878 105
879 105
880 105
881 105
882 105
883 105
884 105
885 105
886 105
887 105
888 105
889 105
890 105
891 105
892 105
893 105
894 105
895 105
896 105
897 105
898 105
899 105
900 105
901 105
902 105
903 105
904 105
905 105
906 105
907 105
908 105
909 105
910 105
911 105
912 105
106 addChar
913 106
107 addChar
914 107
915 107
108 addChar
916 108
917 108
918 108
919 108
920 108
921 108
922 108
923 108
924 108
925 108
926 108
927 108
928 108
929 108
930 108
931 108
932 108
933 108
934 108
935 108
109 addChar
936 109
937 109
938 109
939 109
940 109
941 109
942 109
110 addChar
943 110
944 110
945 110
946 110
947 110
948 110
949 110
950 110
951 110
952 110
953 110
954 110
955 110
956 110
957 110
958 110
959 110
111 addChar
960 111
112 addChar
961 112
962 112
963 112
964 112
113 addChar
114 addChar
965 114
966 114
967 114
968 114
969 114
970 114
971 114
115 addChar
116 addChar
972 116
973 116
117 addChar
974 117
118 addChar
975 118
976 118
977 118
978 118
979 118
980 118
981 118
982 118
983 118
984 118
985 118
986 118
987 118
988 118
989 118
990 118
991 118
992 118
993 118
994 118
995 118
996 118
997 118
998 118
999 118
1000 118
1001 118
1002 118
1003 118
1004 118
1005 118
1006 118
1007 118
1008 118
1009 118
1010 118
1011 118
1012 118
1013 118
1014 118
1015 118
1016 118
1017 118
1018 118
1019 118
1020 118
1021 118
1022 118
1023 118
1024 118
1025 118
1026 118
1027 118
1028 118
1029 118
1030 118
1031 118
1032 118
1033 118
1034 118
1035 118
1036 118
1037 118
1038 118
1039 118
1040 118
1041 118
1042 118
1043 118
1044 118
1045 118
1046 118
1047 118
1048 118
1049 118
1050 118
1051 118
1052 118
1053 118
1054 118
1055 118
1056 118
1057 118
1058 118
1059 118
1060 118
1061 118
1062 118
1063 118
1064 118
1065 118
1066 118
1067 118
1068 118
1069 118
1070 118
1071 118
1072 118
1073 118
1074 118
1075 118
1076 118
1077 118
1078 118
1079 118
1080 118
1081 118
1082 118
1083 118
1084 118
1085 118
1086 118
1087 118
1088 118
1089 118
1090 118
1091 118
1092 118
1093 118
1094 118
1095 118
1096 118
1097 118
1098 118
1099 118
1100 118
1101 118
1102 118
1103 118
1104 118
1105 118
1106 118
1107 118
1108 118
1109 118
1110 118
1111 118
1112 118
1113 118
1114 118
1115 118
1116 118
1117 118
1118 118
1119 118
1120 118
1121 118
1122 118
1123 118
1124 118
1125 118
1126 118
1127 118
1128 118
1129 118
1130 118
1131 118
1132 118
1133 118
1134 118
1135 118
1136 118
1137 118
1138 118
1139 118
1140 118
1141 118
1142 118
1143 118
1144 118
1145 118
1146 118
1147 118
1148 118
1149 118
1150 118
1151 118
1152 118
1153 118
1154 118
1155 118
1156 118
1157 118
1158 118
1159 118
1160 118
1161 118
1162 118
1163 118
1164 118
1165 118
1166 118
1167 118
1168 118
1169 118
1170 118
1171 118
1172 118
1173 118
1174 118
1175 118
1176 118
1177 118
1178 118
1179 118
1180 118
1181 118
1182 118
1183 118
1184 118
1185 118
1186 118
1187 118
1188 118
1189 118
1190 118
1191 118
1192 118
1193 118
1194 118
1195 118
1196 118
1197 118
1198 118
1199 118
1200 118
1201 118
1202 118
1203 118
1204 118
1205 118
1206 118
1207 118
1208 118
1209 118
1210 118
1211 118
1212 118
1213 118
1214 118
1215 118
1216 118
1217 118
1218 118
1219 118
1220 118
1221 118
1222 118
1223 118
1224 118
1225 118
1226 118
1227 118
1228 118
1229 118
1230 118
1231 118
1232 118
1233 118
1234 118
1235 118
1236 118
1237 118
1238 118
1239 118
1240 118
1241 118
1242 118
1243 118
1244 118
1245 118
1246 118
1247 118
1248 118
1249 118
1250 118
1251 118
1252 118
1253 118
1254 118
1255 118
1256 118
1257 118
1258 118
1259 118
1260 118
1261 118
1262 118
1263 118
1264 118
1265 118
1266 118
1267 118
1268 118
1269 118
1270 118
1271 118
1272 118
1273 118
1274 118
1275 118
1276 118
1277 118
1278 118
1279 118
1280 118
1281 118
1282 118
1283 118
1284 118
1285 118
1286 118
1287 118
1288 118
1289 118
1290 118
1291 118
1292 118
1293 118
1294 118
1295 118
1296 118
1297 118
1298 118
1299 118
1300 118
1301 118
1302 118
1303 118
1304 118
1305 118
119 addChar
1306 119
1307 119
1308 119
1309 119
1310 119
1311 119
1312 119
1313 119
1314 119
1315 119
1316 119
1317 119
1318 119
1319 119
1320 119
1321 119
1322 119
1323 119
1324 119
1325 119
1326 119
1327 119
1328 119
1329 119
1330 119
1331 119
1332 119
1333 119
1334 119
1335 119
1336 119
1337 119
1338 119
1339 119
1340 119
1341 119
1342 119
1343 119
1344 119
1345 119
1346 119
1347 119
1348 119
1349 119
1350 119
1351 119
1352 119
1353 119
1354 119
1355 119
1356 119
1357 119
1358 119
1359 119
1360 119
1361 119
1362 119
1363 119
1364 119
1365 119
1366 119
1367 119
1368 119
1369 119
1370 119
1371 119
1372 119
1373 119
1374 119
1375 119
120 addChar
1376 120
1377 120
1378 120
1379 120
1380 120
1381 120
1382 120
1383 120
1384 120
1385 120
1386 120
1387 120
1388 120
1389 120
1390 120
1391 120
1392 120
1393 120
1394 120
121 addChar
1395 121
1396 121
1397 121
122 addChar
1398 122
123 addChar
1399 123
124 addChar
1400 124
1401 124
125 addChar
126 addChar
1402 126
127 addChar
1403 127
128 addChar
1404 128
129 addChar
1405 129
1406 129
1407 129
1408 129
1409 129
1410 129
1411 129
1412 129
1413 129
1414 129
130 addChar
131 addChar
1415 131
132 addChar
1416 132
1417 132
1418 132
1419 132
1420 132
1421 132
1422 132
1423 132
1424 132
1425 132
1426 132
1427 132
1428 132
1429 132
1430 132
1431 132
1432 132
1433 132
1434 132
1435 132
1436 132
1437 132
1438 132
1439 132
1440 132
1441 132
1442 132
1443 132
1444 132
1445 132
1446 132
1447 132
1448 132
1449 132
1450 132
1451 132
1452 132
1453 132
1454 132
1455 132
1456 132
1457 132
1458 132
1459 132
1460 132
1461 132
1462 132
1463 132
1464 132
1465 132
1466 132
1467 132
1468 132
1469 132
1470 132
1471 132
1472 132
1473 132
1474 132
1475 132
1476 132
1477 132
1478 132
1479 132
1480 132
1481 132
1482 132
1483 132
1484 132
1485 132
1486 132
1487 132
1488 132
1489 132
1490 132
1491 132
1492 132
1493 132
1494 132
1495 132
1496 132
1497 132
1498 132
1499 132
1500 132
1501 132
1502 132
1503 132
1504 132
1505 132
1506 132
1507 132
133 addChar
1508 133
1509 133
1510 133
1511 133
134 addChar
135 addChar
1512 135
136 addChar
1513 136
1514 136
1515 136
1516 136
1517 136
1518 136
1519 136
1520 136
1521 136
1522 136
1523 136
1524 136
1525 136
1526 136
1527 136
1528 136
1529 136
1530 136
1531 136
1532 136
1533 136
1534 136
1535 136
1536 136
1537 136
1538 136
1539 136
1540 136
1541 136
1542 136
1543 136
1544 136
1545 136
1546 136
1547 136
1548 136
1549 136
1550 136
1551 136
1552 136
1553 136
1554 136
1555 136
1556 136
1557 136
1558 136
1559 136
1560 136
1561 136
1562 136
1563 136
1564 136
1565 136
1566 136
1567 136
1568 136
1569 136
1570 136
1571 136
1572 136
1573 136
1574 136
1575 136
1576 136
1577 136
1578 136
1579 136
1580 136
1581 136
137 addChar
138 addChar
1582 138
1583 138
1584 138
1585 138
1586 138
1587 138
1588 138
1589 138
1590 138
1591 138
1592 138
1593 138
1594 138
1595 138
1596 138
1597 138
1598 138
1599 138
1600 138
1601 138
1602 138
1603 138
1604 138
1605 138
1606 138
1607 138
1608 138
1609 138
1610 138
1611 138
1612 138
1613 138
1614 138
1615 138
1616 138
1617 138
1618 138
1619 138
1620 138
1621 138
1622 138
1623 138
1624 138
1625 138
1626 138
139 addChar
140 addChar
1627 140
1628 140
1629 140
1630 140
1631 140
1632 140
1633 140
1634 140
1635 140
1636 140
1637 140
1638 140
1639 140
1640 140
1641 140
1642 140
1643 140
1644 140
1645 140
1646 140
1647 140
1648 140
1649 140
1650 140
1651 140
1652 140
1653 140
1654 140
1655 140
1656 140
1657 140
1658 140
141 addChar
142 addChar
1659 142
1660 142
1661 142
1662 142
1663 142
1664 142
1665 142
1666 142
143 addChar
144 addChar
1667 144
145 addChar
1668 145
1669 145
1670 145
1671 145
1672 145
1673 145
1674 145
1675 145
1676 145
1677 145
1678 145
1679 145
1680 145
1681 145
1682 145
1683 145
1684 145
1685 145
1686 145
1687 145
1688 145
1689 145
1690 145
1691 145
1692 145
1693 145
1694 145
1695 145
1696 145
1697 145
1698 145
1699 145
1700 145
1701 145
1702 145
1703 145
1704 145
1705 145
1706 145
1707 145
1708 145
1709 145
1710 145
1711 145
1712 145
1713 145
1714 145
1715 145
1716 145
1717 145
1718 145
1719 145
1720 145
1721 145
1722 145
1723 145
1724 145
1725 145
1726 145
1727 145
1728 145
1729 145
1730 145
1731 145
1732 145
1733 145
1734 145
1735 145
1736 145
1737 145
1738 145
1739 145
1740 145
1741 145
1742 145
1743 145
1744 145
1745 145
1746 145
1747 145
1748 145
1749 145
1750 145
1751 145
1752 145
1753 145
1754 145
1755 145
1756 145
1757 145
1758 145
1759 145
1760 145
1761 145
1762 145
1763 145
1764 145
1765 145
1766 145
1767 145
1768 145
1769 145
1770 145
1771 145
1772 145
1773 145
1774 145
1775 145
1776 145
1777 145
1778 145
1779 145
1780 145
1781 145
1782 145
1783 145
1784 145
1785 145
1786 145
1787 145
1788 145
1789 145
1790 145
1791 145
1792 145
1793 145
1794 145
1795 145
1796 145
1797 145
1798 145
1799 145
1800 145
1801 145
1802 145
1803 145
1804 145
1805 145
1806 145
1807 145
1808 145
1809 145
1810 145
1811 145
146 addChar
1812 146
1813 146
1814 146
1815 146
1816 146
1817 146
1818 146
1819 146
1820 146
1821 146
1822 146
1823 146
1824 146
1825 146
1826 146
1827 146
1828 146
1829 146
1830 146
1831 146
1832 146
1833 146
1834 146
1835 146
1836 146
1837 146
1838 146
1839 146
1840 146
1841 146
1842 146
1843 146
1844 146
1845 146
1846 146
1847 146
1848 146
1849 146
1850 146
1851 146
1852 146
1853 146
1854 146
1855 146
1856 146
1857 146
1858 146
1859 146
1860 146
1861 146
1862 146
1863 146
1864 146
1865 146
1866 146
1867 146
1868 146
1869 146
1870 146
1871 146
1872 146
1873 146
1874 146
1875 146
1876 146
1877 146
1878 146
1879 146
1880 146
1881 146
1882 146
1883 146
1884 146
1885 146
1886 146
1887 146
1888 146
1889 146
1890 146
1891 146
1892 146
1893 146
1894 146
1895 146
1896 146
1897 146
1898 146
1899 146
1900 146
1901 146
1902 146
1903 146
1904 146
1905 146
1906 146
1907 146
1908 146
1909 146
1910 146
1911 146
1912 146
1913 146
1914 146
1915 146
1916 146
1917 146
1918 146
1919 146
1920 146
1921 146
1922 146
1923 146
1924 146
1925 146
1926 146
1927 146
1928 146
1929 146
1930 146
1931 146
1932 146
1933 146
1934 146
1935 146
1936 146
1937 146
1938 146
1939 146
1940 146
1941 146
1942 146
1943 146
1944 146
1945 146
1946 146
1947 146
1948 146
1949 146
1950 146
1951 146
1952 146
1953 146
1954 146
1955 146
1956 146
1957 146
1958 146
1959 146
1960 146
1961 146
1962 146
1963 146
1964 146
1965 146
1966 146
1967 146
1968 146
1969 146
1970 146
1971 146
1972 146
1973 146
1974 146
1975 146
1976 146
1977 146
1978 146
1979 146
1980 146
1981 146
1982 146
147 addChar
1983 147
1984 147
1985 147
1986 147
1987 147
1988 147
1989 147
1990 147
1991 147
1992 147
1993 147
1994 147
1995 147
1996 147
1997 147
1998 147
1999 147
2000 147
2001 147
2002 147
2003 147
2004 147
2005 147
2006 147
2007 147
2008 147
2009 147
2010 147
2011 147
2012 147
2013 147
2014 147
2015 147
2016 147
2017 147
2018 147
2019 147
2020 147
2021 147
2022 147
2023 147
2024 147
2025 147
2026 147
148 addChar
2027 148
2028 148
2029 148
2030 148
2031 148
2032 148
2033 148
2034 148
2035 148
2036 148
2037 148
2038 148
2039 148
2040 148
2041 148
2042 148
2043 148
2044 148
2045 148
2046 148
2047 148
2048 148
2049 148
2050 148
2051 148
2052 148
2053 148
2054 148
2055 148
2056 148
2057 148
2058 148
2059 148
2060 148
2061 148
2062 148
2063 148
2064 148
2065 148
2066 148
2067 148
2068 148
2069 148
2070 148
2071 148
2072 148
2073 148
2074 148
2075 148
2076 148
2077 148
2078 148
2079 148
2080 148
2081 148
2082 148
2083 148
2084 148
2085 148
2086 148
2087 148
2088 148
2089 148
2090 148
2091 148
2092 148
2093 148
2094 148
2095 148
2096 148
2097 148
2098 148
2099 148
2100 148
2101 148
2102 148
2103 148
2104 148
2105 148
2106 148
2107 148
2108 148
2109 148
2110 148
2111 148
2112 148
2113 148
2114 148
2115 148
149 addChar
2116 149
2117 149
2118 149
2119 149
150 addChar
2120 150
151 addChar
2121 151
152 addChar
2122 152
153 addChar
154 addChar
2123 154
2124 154
2125 154
2126 154
2127 154
2128 154
155 addChar
2129 155
156 addChar
2130 156
157 addChar
158 addChar
159 addChar
160 addChar
161 addChar
2131 161
162 addChar
163 addChar
2132 163
164 addChar
2133 164
165 addChar
2134 165
2135 165
2136 165
2137 165
2138 165
2139 165
2140 165
2141 165
2142 165
2143 165
2144 165
2145 165
2146 165
2147 165
2148 165
2149 165
2150 165
2151 165
2152 165
2153 165
2154 165
2155 165
2156 165
2157 165
2158 165
2159 165
2160 165
2161 165
2162 165
2163 165
2164 165
2165 165
2166 165
2167 165
2168 165
2169 165
2170 165
2171 165
2172 165
2173 165
2174 165
2175 165
2176 165
2177 165
2178 165
2179 165
2180 165
2181 165
2182 165
2183 165
2184 165
2185 165
2186 165
2187 165
2188 165
2189 165
2190 165
2191 165
2192 165
2193 165
2194 165
2195 165
2196 165
2197 165
2198 165
2199 165
2200 165
2201 165
2202 165
2203 165
2204 165
2205 165
2206 165
2207 165
2208 165
2209 165
2210 165
2211 165
2212 165
2213 165
2214 165
2215 165
2216 165
2217 165
2218 165
2219 165
2220 165
2221 165
2222 165
2223 165
2224 165
2225 165
2226 165
2227 165
2228 165
2229 165
2230 165
2231 165
2232 165
2233 165
2234 165
2235 165
2236 165
2237 165
2238 165
2239 165
2240 165
2241 165
2242 165
2243 165
2244 165
2245 165
2246 165
2247 165
2248 165
2249 165
2250 165
2251 165
2252 165
2253 165
2254 165
2255 165
2256 165
2257 165
2258 165
2259 165
2260 165
2261 165
2262 165
2263 165
2264 165
2265 165
2266 165
2267 165
2268 165
2269 165
2270 165
2271 165
2272 165
2273 165
2274 165
2275 165
2276 165
2277 165
2278 165
2279 165
2280 165
2281 165
2282 165
2283 165
2284 165
2285 165
2286 165
2287 165
2288 165
2289 165
2290 165
2291 165
2292 165
2293 165
2294 165
2295 165
2296 165
2297 165
2298 165
2299 165
2300 165
2301 165
2302 165
2303 165
2304 165
2305 165
2306 165
2307 165
2308 165
2309 165
2310 165
2311 165
2312 165
2313 165
2314 165
2315 165
2316 165
2317 165
2318 165
2319 165
2320 165
2321 165
2322 165
2323 165
2324 165
2325 165
2326 165
2327 165
2328 165
2329 165
2330 165
2331 165
2332 165
2333 165
2334 165
2335 165
2336 165
2337 165
2338 165
2339 165
2340 165
2341 165
2342 165
2343 165
2344 165
2345 165
2346 165
2347 165
2348 165
2349 165
2350 165
2351 165
2352 165
2353 165
2354 165
2355 165
2356 165
2357 165
2358 165
2359 165
2360 165
2361 165